Machine model: Mac16,8
OS version: 25F84
Boot arguments: 
Boot time: Tue Jul 28 08:59:32 2026



*** Sampled system activity (Fri Jul 31 12:17:25 2026 -0300) (1037.66ms elapsed) ***

*** Running tasks ***

Name                               ID     CPU ms/s  samp ms/s  User%  Deadlines (<2 ms, 2-5 ms)  Wakeups (Intr, Pkg idle)  SFI ms/s  QoS (L/T)  RPID  PPID  Bytes Read  Bytes Written  Pageins  Packets (In/Out)       Bytes (In/Out)        GPU ms/s QOS (ms/s) Disabled Maint   BG      Util   Default  U-Init  U-Intr  PCPU ms/s %PCPU  Switches  Energy Impact  Instr/s      Cycles/s    P-Instr/s    P-Cycles/s
com.apple.WindowServer             373    426.70    433.96                                       530.65  231.21                                                    0.0            0.0                                                        89.64                                                                                                   173.25          1163824252   1018404027  733580832    341185176   
  WindowServer                     407    481.05    483.83     70.16  108.27  0.00               535.61  233.79             0.00       0/ 0      -1    -1          0.0            0.0      0.0         0.0        0.0        0.0        0.0  0.00                 475.37  0.00    0.00    0.00    5.53    0.14    0.00    202.76    42.15  464.71    174.40          1167757593   1016243698  734145390    338729511   
com.apple.Terminal                 25701  50.40     51.26                                        7.58    2.84                                                  31050.6            0.0                                                        0.17                                                                                                    67.13           210256750    141267671   181550701    120083828   
  powermetrics                     27221  42.51     42.76      11.86  0.00    0.00               0.96    0.00               0.00      -1/-1      -1    -1      31397.1            0.0      0.0         0.0        0.0        0.0        0.0  0.00                 39.98   0.00    0.00    0.00    2.53    0.00    0.00    32.88     77.34  3.83      98.64           210963385    135002512   184042073    117723907   
  Terminal                         59549  4.15      4.17       77.16  0.00    0.00               6.71    2.87               0.00       0/ 0      -1    -1          0.0            0.0      0.0         0.0        0.0        0.0        0.0  0.00                 0.00    0.00    0.00    0.00    0.04    0.17    3.93    0.72      17.27  3.83      0.45            2907040      5523023     802013       1381424     
kernel_coalition                   1      152.23    154.82                                       2447.62 674.68                                                    0.0            0.0                                                        0.00                                                                                                    30.61           192131521    222035035   50119919     17797450    
  launchd                          1      7.47      7.52       40.25  0.00    0.00               0.00    0.00               0.00      -1/-1      -1    -1          0.0            0.0      0.0         0.0        0.0        0.0        0.0  0.00                 0.00    0.00    0.00    0.20    0.08    7.19    0.00    5.37      71.88  0.96      21.12           51542221     20725319    50537079     17731830    
  kernel_task                      0      146.46    147.31     0.00   450.34  0.00               2440.44 681.25             0.00      -1/-1      -1    -1          0.0            0.0      0.0         0.0        0.0        0.0        0.0  0.00                 146.46  0.00    0.00    0.00    0.00    0.00    0.00    0.13      0.09   1.92      9.74            140754244    199615605   248579       424496      
com.google.Chrome                  30851  321.81    327.29                                       726.80  204.68                                                    0.0         3881.3                                                        124.01                                                                                                  24.62           300799951    516049840   0            0           
  Google Chrome Helper             11097  182.06    183.11     67.76  0.00    0.00               233.79  59.41              0.00       0/ 0      -1    -1          0.0            0.0      0.0         0.0        0.0        0.0        0.0  0.00                 6.08    0.00    0.00    0.00    0.04    0.00    175.95  0.00      0.00   0.00      13.83           170513600    279394309   0            0           
  Google Chrome Helper (Renderer)  25160  86.86     87.36      82.13  0.00    0.00               44.08   10.54              0.00       0/ 0      -1    -1          0.0            0.0      0.0         0.0        0.0        0.0        0.0  0.00                 0.00    0.00    0.00    0.00    0.00    0.27    86.59   0.00      0.00   0.00      5.66            61264351     135698961   0            0           
  Google Chrome Helper (Renderer)  12126  26.66     26.82      49.83  0.00    0.00               377.52  125.52             0.00       0/ 0      -1    -1          0.0            0.0      0.0         0.0        0.0        0.0        0.0  0.00                 0.00    0.00    0.00    0.00    0.00    26.66   0.00    0.00      0.00   0.00      2.25            32496176     37560447    0            0           
  Google Chrome Helper (Renderer)  19928  14.18     14.26      90.74  0.96    1.92               41.20   4.79               0.00       0/ 0      -1    -1          0.0            0.0      0.0         0.0        0.0        0.0        0.0  0.00                 0.00    0.00    0.00    0.00    0.00    3.09    11.09   0.00      0.00   0.96      1.03            11453072     24766728    0            0           
  Google Chrome                    11091  10.48     10.54      78.51  0.00    0.00               1.92    0.00               0.00       0/ 0      -1    -1          0.0            0.0      0.0         0.0        0.0        0.0        0.0  0.00                 0.00    0*** Sampled system activity (Fri Jul 31 12:17:45 2026 -0300) (1049.68ms elapsed) ***

*** Running tasks ***

Name                               ID     CPU ms/s  samp ms/s  User%  Deadlines (<2 ms, 2-5 ms)  Wakeups (Intr, Pkg idle)  SFI ms/s  QoS (L/T)  RPID  PPID  Bytes Read  Bytes Written  Pageins  Packets (In/Out)       Bytes (In/Out)        GPU ms/s QOS (ms/s) Disabled Maint   BG      Util   Default  U-Init  U-Intr  PCPU ms/s %PCPU  Switches  Energy Impact  Instr/s      Cycles/s    P-Instr/s    P-Cycles/s
com.apple.WindowServer             373    423.01    423.34                                       570.20  171.35                                                    0.0            0.0                                                        83.65                                                                                                   149.06          1032631222   972790501   655613081    313222154   
  WindowServer                     407    452.87    453.10     68.26  128.55  0.00               569.41  171.40             0.00       0/ 0      -1    -1          0.0            0.0      0.0         0.0        0.0        0.0        0.0  0.00                 447.93  0.00    0.00    0.00    4.82    0.11    0.00    193.69    42.77  489.43    149.80          1033206356   963755873   666564453    316635689   
com.apple.cmio.ContinuityCapture   739    132.22    132.33                                       3.81    0.95                                                      0.0            0.0                                                        0.00                                                                                                    34.51           622267290    306918493   0            0           
  ContinuityCaptureAgent           674    132.29    132.35     82.61  0.00    0.00               3.81    0.95               0.00      -1/-1      -1    -1          0.0            0.0      0.0         0.0        0.0        0.0        0.0  0.00                 1.01    0.00    0.29    0.00    0.00    130.98  0.00    0.00      0.00   0.00      34.52           622449170    307008201   0            0           
com.google.Chrome                  30851  361.32    361.61                                       711.08  178.01                                                    0.0            0.0                                                        123.79                                                                                                  31.58           388042422    589247389   9582549      9575206     
  Google Chrome Helper             11097  200.62    200.72     68.10  0.00    0.00               233.29  56.18              0.00       0/ 0      -1    -1          0.0            0.0      0.0         0.0        0.0        0.0        0.0  0.00                 6.99    0.00    0.00    0.00    0.04    0.00    193.59  0.94      0.47   13.33     13.97           170696579    298746259   1140345      1450735     
  Google Chrome Helper (Renderer)  25160  94.13     94.17      82.45  0.00    0.00               21.90   2.86               0.00       0/ 0      -1    -1          0.0            0.0      0.0         0.0        0.0        0.0        0.0  0.00                 0.00    0.00    0.00    0.00    0.00    0.00    94.13   0.69      0.73   3.81      5.64            59737402     139060703   529979       1176822     
  Google Chrome Helper (Renderer)  19269  16.88     16.89      93.86  0.00    0.00               5.71    1.90               0.00       5/ 0      -1    -1          0.0            0.0      0.0         0.0        0.0        0.0        0.0  0.00                 0.00    0.00    0.00    0.00    0.00    0.27    16.61   0.00      0.00   0.00      3.90            70427247     40377686    0            0           
  Google Chrome Helper (Renderer)  12126  28.76     28.78      52.25  0.00    0.00               375.17  93.32              0.00       0/ 0      -1    -1          0.0            0.0      0.0         0.0        0.0        0.0        0.0  0.00                 0.00    0.00    0.00    0.00    0.00    28.76   0.00    0.40      1.37   3.81      2.63            32639302     44104655    565946       552542      
  Google Chrome Helper (Renderer)  19928  12.79     12.80      92.99  0.00    0.95               33.33   13.33              0.00       0/ 0      -1    -1          0.0            0.0      0.0         0.0        0.0        0.0        0.0  0.00                 0.00    0.00    0.00    0.00    0.00    2.82    9.97    0.51      3.97   7.62      2.31            33707529     28228648    468139       747994      
  Google Chrome                    11091  7.30      7.30       82.64  0.00    0.00               0.95    0.00               0.00       0/ 0      -1    -1          0.0            0.0      0.0         0.0        0.0        0.0        0.0  0.00                 0.00    0.00    0.00    0.00    0.00    1.99    5.30    1.65      22.55  3.81      1.30            9518405      13896759    3327485      2453654     
  Google Chrome Helper             11098  3.77      3.78       53.88  0.00    0.00               7.62    2.86               0.00       0/ 0      -1    -1          0.0            0.0      0.0         6.7        0.0        0.0        0.0  0.00                 0.00    0.00    0.00    0.00    0.00    3.77    0.00    1.72      45.64  1.90      0.88            4890982      6457383     3176713      2578354     
  Google Chrome Helper (Renderer)  11217  5.58      5.58       86.06  0.00    0.00               23.80   5.71               0.00       5/ 0      -1    -1          0.0            0.0      0.0         0.0        0.0        0.0        0.0  0.00                 0.00    0.00    0.00    0.00    0.00    5.35    0.23    0.00      0.00   0.00      0.41            3494854      10182114    0            0           
  Google Chrome Helper (Renderer)  20976  1.50      1.50       76.13  0.00    0.00               0.95    0.00               0.00       0/ 0      -1    -1          0.0            0.0      0.0         0.0        0.0        0.0        0.0  0.00                 0.00    0*** Sampled system activity (Fri Jul 31 12:18:06 2026 -0300) (1049.39ms elapsed) ***

*** Running tasks ***

Name                               ID     CPU ms/s  samp ms/s  User%  Deadlines (<2 ms, 2-5 ms)  Wakeups (Intr, Pkg idle)  SFI ms/s  QoS (L/T)  RPID  PPID  Bytes Read  Bytes Written  Pageins  Packets (In/Out)       Bytes (In/Out)        GPU ms/s QOS (ms/s) Disabled Maint   BG      Util   Default  U-Init  U-Intr  PCPU ms/s %PCPU  Switches  Energy Impact  Instr/s      Cycles/s    P-Instr/s    P-Cycles/s
com.apple.WindowServer             373    414.72    414.63                                       563.30  194.44                                                    0.0            0.0                                                        98.72                                                                                                   179.21          1176851127   901611769   831787113    403684658   
  WindowServer                     407    441.27    440.76     66.47  122.12  0.00               565.74  194.62             0.00       0/ 0      -1    -1          0.0            0.0      0.0         0.0        0.0        0.0        0.0  0.00                 435.79  0.00    0.00    0.00    5.27    0.21    0.00    236.12    53.51  435.99    178.86          1177335731   908268701   826440718    401205603   
com.google.Chrome                  30851  386.70    386.61                                       720.57  193.49                                                    0.0            0.0                                                        125.13                                                                                                  169.64          1120770634   668476895   781758961    259661315   
  Google Chrome Helper (Renderer)  19928  77.09     77.00      95.67  2.86    0.95               35.30   4.77               0.00       0/ 0      -1    -1          0.0            0.0      0.0         0.0        0.0        0.0        0.0  0.00                 0.00    0.00    0.00    0.00    0.00    14.92   62.17   62.22     80.71  37.21     114.55          698541308    192115406   651460582    162810438   
  Google Chrome Helper             11097  170.95    170.75     65.36  0.00    0.00               245.19  53.43              0.00       0/ 0      -1    -1          0.0            0.0      0.0         0.0        0.0        0.0        0.0  0.00                 5.59    0.00    0.00    0.00    0.02    0.00    165.34  25.10     14.68  98.27     35.24           219622285    259147143   92998957     61939229    
  Google Chrome Helper (Renderer)  25160  77.05     76.96      80.84  0.00    0.00               29.58   8.59               0.00       0/ 0      -1    -1          0.0            0.0      0.0         0.0        0.0        0.0        0.0  0.00                 0.00    0.00    0.00    0.00    0.00    0.00    77.05   8.21      10.66  56.29     8.65            59614205     112515676   14941104     17367487    
  Google Chrome Helper (Renderer)  12126  25.44     25.41      47.99  0.00    0.00               371.12  116.39             0.00       0/ 0      -1    -1          0.0            0.0      0.0         0.0        0.0        0.0        0.0  0.00                 0.00    0.00    0.00    0.00    0.00    25.44   0.00    3.96      15.55  11.45     3.43            32015778     34019114    7939078      5955543     
  Google Chrome Helper (Renderer)  19269  25.94     25.91      93.40  0.00    0.00               3.82    0.95               0.00       5/ 0      -1    -1          0.0            0.0      0.0         0.0        0.0        0.0        0.0  0.00                 0.00    0.00    0.00    0.00    0.00    0.40    25.54   0.00      0.00   0.00      3.03            81277610     36835381    0            0           
  Google Chrome                    11091  8.30      8.29       82.14  0.00    0.00               0.00    0.00               0.00       0/ 0      -1    -1          0.0            0.0      0.0         0.0        0.0        0.0        0.0  0.00                 0.00    0.00    0.00    0.00    0.00    0.96    7.34    2.50      30.14  10.49     2.37            12904423     12993611    7840885      5775604     
  Google Chrome Helper             11098  6.36      6.36       62.80  0.00    0.00               1.91    0.95               0.00       0/ 0      -1    -1          0.0            0.0      0.0         0.0        0.0    22673.6        0.0  0.00                 0.00    0.00    0.00    0.00    0.00    6.36    0.00    2.07      32.57  1.91      1.68            10040933     9022370     6157613      4374805     
  Google Chrome Helper (Renderer)  20976  0.67      0.66       74.05  0.00    0.00               0.95    0.00               0.00       0/ 0      -1    -1          0.0            0.0      0.0         0.0        0.0        0.0        0.0  0.00                 0.00    0.00    0.00    0.00    0.00    0.50    0.16    0.67      100.00 12.40     0.39            997067       1404106     997067       1404106     
  Google Chrome Helper (Renderer)  11217  5.10      5.09       84.09  0.00    0.00               26.71   6.68               0.00       5/ 0      -1    -1          0.0            0.0      0.0         0.0        0.0        0.0        0.0  0.00                 0.00    0.00    0.00    0.00    0.00    4.79    0.31    0.00      0.00   0.00      0.21            3270961      5860444     0            0           
  Google Chrome Helper (Renderer)  19772  2.37      2.36       83.43  0.00    0.00               0.00    0.00               0.00       5/ 0      -1    -1          0.0            0.0      0.0         0.0        0.0        0.0        0.0  0.00                 0.00    0.00    0.00    0.00    0.00    2.03    0.34    0.00      0.00   0.00      0.12            2186998      3130028     0            0           
  Google Chrome Helper             11099  0.27      0.27       69.18  0.00    0.00               0.95    0.00               0.00       0/ 0      -1    -1          0.0            0.0      0.0         0.0        0.0        0.0        0.0  0.00                 0.00    0
... [see /tmp/primo-perf/powermetrics.log for the full 14,362-line log] ...
